=== Eckenraster ===
Theme            : denkzettel-pruef-eckig
QT_SCALE_FACTOR  : 1
qApp DPR         : 1
FrameSvg gültig  : ja
FrameSvg DPR     : 1
alphaMask Größe  : 600x150
alphaMask DPR    : 1
  (verlangt wurde 600x150 logisch — bei DPR 1 wären das 600x150 Gerätepixel)

Alphakanal der Maske, linke obere Ecke  (600x150 Gerätepixel)
       0   1   2   3   4   5   6   7   8   9  10  11  12  13  14  15  16  17  18  19  20  21  22  23  24  25  26  27  28  29  30  31  32  33
  0  255 255 255 255 255 255 255 255 255 255 255 255 255 255 255 255 255 255 255 255 255 255 255 255 255 255 255 255 255 255 255 255 255 255
  1  255 255 255 255 255 255 255 255 255 255 255 255 255 255 255 255 255 255 255 255 255 255 255 255 255 255 255 255 255 255 255 255 255 255
  2  255 255 255 255 255 255 255 255 255 255 255 255 255 255 255 255 255 255 255 255 255 255 255 255 255 255 255 255 255 255 255 255 255 255
  3  255 255 255 255 255 255 255 255 255 255 255 255 255 255 255 255 255 255 255 255 255 255 255 255 255 255 255 255 255 255 255 255 255 255
  4  255 255 255 255 255 255 255 255 255 255 255 255 255 255 255 255 255 255 255 255 255 255 255 255 255 255 255 255 255 255 255 255 255 255
  5  255 255 255 255 255 255 255 255 255 255 255 255 255 255 255 255 255 255 255 255 255 255 255 255 255 255 255 255 255 255 255 255 255 255
  6  255 255 255 255 255 255 255 255 255 255 255 255 255 255 255 255 255 255 255 255 255 255 255 255 255 255 255 255 255 255 255 255 255 255
  7  255 255 255 255 255 255 255 255 255 255 255 255 255 255 255 255 255 255 255 255 255 255 255 255 255 255 255 255 255 255 255 255 255 255
  8  255 255 255 255 255 255 255 255 255 255 255 255 255 255 255 255 255 255 255 255 255 255 255 255 255 255 255 255 255 255 255 255 255 255
  9  255 255 255 255 255 255 255 255 255 255 255 255 255 255 255 255 255 255 255 255 255 255 255 255 255 255 255 255 255 255 255 255 255 255
 10  255 255 255 255 255 255 255 255 255 255 255 255 255 255 255 255 255 255 255 255 255 255 255 255 255 255 255 255 255 255 255 255 255 255
 11  255 255 255 255 255 255 255 255 255 255 255 255 255 255 255 255 255 255 255 255 255 255 255 255 255 255 255 255 255 255 255 255 255 255
 12  255 255 255 255 255 255 255 255 255 255 255 255 255 255 255 255 255 255 255 255 255 255 255 255 255 255 255 255 255 255 255 255 255 255
 13  255 255 255 255 255 255 255 255 255 255 255 255 255 255 255 255 255 255 255 255 255 255 255 255 255 255 255 255 255 255 255 255 255 255
 14  255 255 255 255 255 255 255 255 255 255 255 255 255 255 255 255 255 255 255 255 255 255 255 255 255 255 255 255 255 255 255 255 255 255
 15  255 255 255 255 255 255 255 255 255 255 255 255 255 255 255 255 255 255 255 255 255 255 255 255 255 255 255 255 255 255 255 255 255 255
 16  255 255 255 255 255 255 255 255 255 255 255 255 255 255 255 255 255 255 255 255 255 255 255 255 255 255 255 255 255 255 255 255 255 255
 17  255 255 255 255 255 255 255 255 255 255 255 255 255 255 255 255 255 255 255 255 255 255 255 255 255 255 255 255 255 255 255 255 255 255
 18  255 255 255 255 255 255 255 255 255 255 255 255 255 255 255 255 255 255 255 255 255 255 255 255 255 255 255 255 255 255 255 255 255 255
 19  255 255 255 255 255 255 255 255 255 255 255 255 255 255 255 255 255 255 255 255 255 255 255 255 255 255 255 255 255 255 255 255 255 255
 20  255 255 255 255 255 255 255 255 255 255 255 255 255 255 255 255 255 255 255 255 255 255 255 255 255 255 255 255 255 255 255 255 255 255
 21  255 255 255 255 255 255 255 255 255 255 255 255 255 255 255 255 255 255 255 255 255 255 255 255 255 255 255 255 255 255 255 255 255 255
 22  255 255 255 255 255 255 255 255 255 255 255 255 255 255 255 255 255 255 255 255 255 255 255 255 255 255 255 255 255 255 255 255 255 255
 23  255 255 255 255 255 255 255 255 255 255 255 255 255 255 255 255 255 255 255 255 255 255 255 255 255 255 255 255 255 255 255 255 255 255
 24  255 255 255 255 255 255 255 255 255 255 255 255 255 255 255 255 255 255 255 255 255 255 255 255 255 255 255 255 255 255 255 255 255 255
 25  255 255 255 255 255 255 255 255 255 255 255 255 255 255 255 255 255 255 255 255 255 255 255 255 255 255 255 255 255 255 255 255 255 255
 26  255 255 255 255 255 255 255 255 255 255 255 255 255 255 255 255 255 255 255 255 255 255 255 255 255 255 255 255 255 255 255 255 255 255
 27  255 255 255 255 255 255 255 255 255 255 255 255 255 255 255 255 255 255 255 255 255 255 255 255 255 255 255 255 255 255 255 255 255 255
 28  255 255 255 255 255 255 255 255 255 255 255 255 255 255 255 255 255 255 255 255 255 255 255 255 255 255 255 255 255 255 255 255 255 255
 29  255 255 255 255 255 255 255 255 255 255 255 255 255 255 255 255 255 255 255 255 255 255 255 255 255 255 255 255 255 255 255 255 255 255
 30  255 255 255 255 255 255 255 255 255 255 255 255 255 255 255 255 255 255 255 255 255 255 255 255 255 255 255 255 255 255 255 255 255 255
 31  255 255 255 255 255 255 255 255 255 255 255 255 255 255 255 255 255 255 255 255 255 255 255 255 255 255 255 255 255 255 255 255 255 255
 32  255 255 255 255 255 255 255 255 255 255 255 255 255 255 255 255 255 255 255 255 255 255 255 255 255 255 255 255 255 255 255 255 255 255
 33  255 255 255 255 255 255 255 255 255 255 255 255 255 255 255 255 255 255 255 255 255 255 255 255 255 255 255 255 255 255 255 255 255 255

Kantenlauf (erste Spalte je Zeile mit Wert >= 128)
  Zeile   0  Spalte    0  Sprung   0
  Zeile   1  Spalte    0  Sprung   0
  Zeile   2  Spalte    0  Sprung   0
  Zeile   3  Spalte    0  Sprung   0
  Zeile   4  Spalte    0  Sprung   0
  Zeile   5  Spalte    0  Sprung   0
  Zeile   6  Spalte    0  Sprung   0
  Zeile   7  Spalte    0  Sprung   0
  Zeile   8  Spalte    0  Sprung   0
  Zeile   9  Spalte    0  Sprung   0
  Zeile  10  Spalte    0  Sprung   0
  Zeile  11  Spalte    0  Sprung   0
  Zeile  12  Spalte    0  Sprung   0
  Zeile  13  Spalte    0  Sprung   0
  Zeile  14  Spalte    0  Sprung   0
  Zeile  15  Spalte    0  Sprung   0
  Zeile  16  Spalte    0  Sprung   0
  Zeile  17  Spalte    0  Sprung   0
  Zeile  18  Spalte    0  Sprung   0
  Zeile  19  Spalte    0  Sprung   0
  Zeile  20  Spalte    0  Sprung   0
  Zeile  21  Spalte    0  Sprung   0
  Zeile  22  Spalte    0  Sprung   0
  Zeile  23  Spalte    0  Sprung   0
  Zeile  24  Spalte    0  Sprung   0
  Zeile  25  Spalte    0  Sprung   0
  Zeile  26  Spalte    0  Sprung   0
  Zeile  27  Spalte    0  Sprung   0
  Zeile  28  Spalte    0  Sprung   0
  Zeile  29  Spalte    0  Sprung   0
  Zeile  30  Spalte    0  Sprung   0
  Zeile  31  Spalte    0  Sprung   0
  Zeile  32  Spalte    0  Sprung   0
  Zeile  33  Spalte    0  Sprung   0

grab() Größe     : 600x174 Gerätepixel, DPR 1
Fenstergröße     : 600x174 logisch

Rotkanal des Fensters auf weißem Grund, linke obere Ecke  (600x174 Gerätepixel)
       0   1   2   3   4   5   6   7   8   9  10  11  12  13  14  15  16  17  18  19  20  21  22  23  24  25  26  27  28  29  30  31  32  33
  0  198 198 198 198 198 198 198 198 198 198 198 198 198 198 198 198 198 198 198 198 198 198 198 198 198 198 198 198 198 198 198 198 198 198
  1  198 239 239 239 239 239 239 239 239 239 239 239 239 239 239 239 239 239 239 239 239 239 239 239 239 239 239 239 239 239 239 239 239 239
  2  198 239 239 239 239 239 239 239 239 239 239 239 239 239 239 239 239 239 239 239 239 239 239 239 239 239 239 239 239 239 239 239 239 239
  3  198 239 239 239 239 239 239 239 239 239 239 239 239 239 239 239 239 239 239 239 239 239 239 239 239 239 239 239 239 239 239 239 239 239
  4  198 239 239 239 239 239 239 239 239 239 239 239 239 239 239 239 239 239 239 239 239 239 239 239 239 239 239 239 239 239 239 239 239 239
  5  198 239 239 239 239 239 239 239 239 239 239 239 239 239 239 239 239 239 239 239 239 239 239 239 239 239 239 239 239 239 239 239 239 239
  6  198 239 239 239 239 239 239 239 239 239 239 239 239 239 239 239 239 239 239 239 239 239 239 239 239 239 239 239 239 239 239 239 239 239
  7  198 239 239 239 239 239 239 239 239 239 239 239 239 239 239 239 239 239 239 239 239 239 239 239 239 239 239 239 239 239 239 239 239 239
  8  198 239 239 239 239 239 239 239 239 239 239 239 239 239 239 239 239 239 239 239 239 239 239 239 239 239 239 239 239 239 239 239 239 239
  9  198 239 239 239 239 239 239 239 239 239 239 239 239 239 239 239 239 239 239 239 239 239 239 239 239 239 239 239 239 239 239 239 239 239
 10  198 239 239 239 239 239 239 239 239 239 239 239 239 239 239 239 239 239 239 239 239 239 239 239 239 239 239 239 239 239 239 239 239 239
 11  198 239 239 239 239 239 239 239 239 239 239 239 239 239 239 239 239 239 239 239 239 239 239 239 239 239 239 239 239 239 239 239 239 239
 12  198 239 239 239 239 239 239 239 239 239 239 239 239 239 239 239 239 239 239 239 239 239 239 239 239 239 239 239 239 239 239 239 239 239
 13  198 239 239 239 239 239 239 239 239 239 239 239 239 239 239 239 239 239 239 239 239 239 239 239 239 239 239 239 239 239 239 239 239 239
 14  198 239 239 239 239 239 239 239 239 239 239 239 239 239 239 239 239 239 239 239 239 239 239 239 239 239 239 239 239 239 239 239 239 239
 15  198 239 239 239 239 239 239 239 239 239 239 239 239 239 239 239 239 239 239 239 239 239 239 239 239 239 239 239 239 239 239 239 239 239
 16  198 239 239 239 239 239 239 239 239 239 239 239 239 239 239 239 239 239 239 239 239 239 239 239 239 239 239 239 239 239 239 239 239 239
 17  198 239 239 239 239 239 239 239 239 239 239 239 239 239 239 239 239 239 239 239 239 239 239 239 239 239 239 239 239 239 239 239 239 239
 18  198 239 239 239 239 239 239 239 239 239 239 239 239 239 239 239 239 119 129 127 129 173 235 239 239 239 239 239 239 239 239 239 239 239
 19  198 239 239 239 239 239 239 239 239 239 239 239 239 239 239 239 239 119 231 239 229 155 156 239 239 239 239 239 239 239 239 239 239 239
 20  198 239 239 239 239 239 239 239 239 239 239 239 239 239 239 239 239 119 231 239 239 234 122 221 239 196 138 137 155 234 231 136 168 139
 21  198 239 239 239 239 239 239 239 239 239 239 239 239 239 239 239 239 119 231 239 239 239 143 199 226 134 234 239 167 179 231 112 204 239
 22  198 239 239 239 239 239 239 239 239 239 239 239 239 239 239 239 239 119 231 239 239 239 141 199 195 124 143 143 138 169 231 118 239 239
 23  198 239 239 239 239 239 239 239 239 239 239 239 239 239 239 239 239 119 231 239 239 232 120 223 196 150 239 239 239 239 231 124 239 239
 24  198 239 239 239 239 239 239 239 239 239 239 239 239 239 239 239 239 119 231 239 228 150 158 239 225 119 218 239 236 229 231 124 239 239
 25  198 239 239 239 239 239 239 239 239 239 239 239 239 239 239 239 239 119 131 127 131 176 236 239 239 199 133 131 134 207 231 124 239 239
 26  198 239 239 239 239 239 239 239 239 239 239 239 239 239 239 239 239 239 239 239 239 239 239 239 239 239 239 239 239 239 239 239 239 239
 27  198 239 239 239 239 239 239 239 239 239 239 239 239 239 239 239 239 239 239 239 239 239 239 239 239 239 239 239 239 239 239 239 239 239
 28  198 239 239 239 239 239 239 239 239 239 239 239 239 239 239 239 239 239 239 239 239 239 239 239 239 239 239 239 239 239 239 239 239 239
 29  198 239 239 239 239 239 239 239 239 239 239 239 239 239 239 239 239 239 239 239 239 239 239 239 239 239 239 239 239 239 239 239 239 239
 30  198 239 239 239 239 239 239 239 239 239 239 239 239 239 239 239 239 239 239 239 239 239 239 239 239 239 239 239 239 239 239 239 239 239
 31  198 239 239 239 239 239 239 239 239 239 239 239 239 239 239 239 239 239 239 239 239 239 239 239 239 239 239 239 239 239 239 239 239 239
 32  198 239 239 239 239 239 239 239 239 239 239 239 239 239 239 239 239 239 239 239 239 239 239 239 239 239 239 239 239 239 239 239 239 239
 33  198 239 239 239 239 239 239 239 239 239 239 239 239 239 239 239 239 239 239 239 239 239 239 239 239 239 239 239 239 239 239 239 239 239

Kantenlauf (erste Spalte je Zeile mit Wert <= 250)
  Zeile   0  Spalte    0  Sprung   0
  Zeile   1  Spalte    0  Sprung   0
  Zeile   2  Spalte    0  Sprung   0
  Zeile   3  Spalte    0  Sprung   0
  Zeile   4  Spalte    0  Sprung   0
  Zeile   5  Spalte    0  Sprung   0
  Zeile   6  Spalte    0  Sprung   0
  Zeile   7  Spalte    0  Sprung   0
  Zeile   8  Spalte    0  Sprung   0
  Zeile   9  Spalte    0  Sprung   0
  Zeile  10  Spalte    0  Sprung   0
  Zeile  11  Spalte    0  Sprung   0
  Zeile  12  Spalte    0  Sprung   0
  Zeile  13  Spalte    0  Sprung   0
  Zeile  14  Spalte    0  Sprung   0
  Zeile  15  Spalte    0  Sprung   0
  Zeile  16  Spalte    0  Sprung   0
  Zeile  17  Spalte    0  Sprung   0
  Zeile  18  Spalte    0  Sprung   0
  Zeile  19  Spalte    0  Sprung   0
  Zeile  20  Spalte    0  Sprung   0
  Zeile  21  Spalte    0  Sprung   0
  Zeile  22  Spalte    0  Sprung   0
  Zeile  23  Spalte    0  Sprung   0
  Zeile  24  Spalte    0  Sprung   0
  Zeile  25  Spalte    0  Sprung   0
  Zeile  26  Spalte    0  Sprung   0
  Zeile  27  Spalte    0  Sprung   0
  Zeile  28  Spalte    0  Sprung   0
  Zeile  29  Spalte    0  Sprung   0
  Zeile  30  Spalte    0  Sprung   0
  Zeile  31  Spalte    0  Sprung   0
  Zeile  32  Spalte    0  Sprung   0
  Zeile  33  Spalte    0  Sprung   0
