=== Eckenraster ===
Theme            : default
QT_SCALE_FACTOR  : 2
qApp DPR         : 2
FrameSvg gültig  : ja
FrameSvg DPR     : 1
alphaMask Größe  : 600x150
alphaMask DPR    : 1
  (verlangt wurde 600x150 logisch — bei DPR 2 wären das 1200x300 Gerätepixel)

Alphakanal der Maske, linke obere Ecke  (600x150 Gerätepixel)
       0   1   2   3   4   5   6   7   8   9  10  11  12  13  14  15  16  17  18  19  20  21  22  23  24  25  26  27  28  29  30  31  32  33
  0    0   0   0   0   0   0 255 255 255 255 255 255 255 255 255 255 255 255 255 255 255 255 255 255 255 255 255 255 255 255 255 255 255 255
  1    0   0  13 136 205 239 255 255 255 255 255 255 255 255 255 255 255 255 255 255 255 255 255 255 255 255 255 255 255 255 255 255 255 255
  2    0  12 223 255 255 255 255 255 255 255 255 255 255 255 255 255 255 255 255 255 255 255 255 255 255 255 255 255 255 255 255 255 255 255
  3    0 133 255 255 255 255 255 255 255 255 255 255 255 255 255 255 255 255 255 255 255 255 255 255 255 255 255 255 255 255 255 255 255 255
  4    0 203 255 255 255 255 255 255 255 255 255 255 255 255 255 255 255 255 255 255 255 255 255 255 255 255 255 255 255 255 255 255 255 255
  5    0 238 255 255 255 255 255 255 255 255 255 255 255 255 255 255 255 255 255 255 255 255 255 255 255 255 255 255 255 255 255 255 255 255
  6  255 255 255 255 255 255 255 255 255 255 255 255 255 255 255 255 255 255 255 255 255 255 255 255 255 255 255 255 255 255 255 255 255 255
  7  255 255 255 255 255 255 255 255 255 255 255 255 255 255 255 255 255 255 255 255 255 255 255 255 255 255 255 255 255 255 255 255 255 255
  8  255 255 255 255 255 255 255 255 255 255 255 255 255 255 255 255 255 255 255 255 255 255 255 255 255 255 255 255 255 255 255 255 255 255
  9  255 255 255 255 255 255 255 255 255 255 255 255 255 255 255 255 255 255 255 255 255 255 255 255 255 255 255 255 255 255 255 255 255 255
 10  255 255 255 255 255 255 255 255 255 255 255 255 255 255 255 255 255 255 255 255 255 255 255 255 255 255 255 255 255 255 255 255 255 255
 11  255 255 255 255 255 255 255 255 255 255 255 255 255 255 255 255 255 255 255 255 255 255 255 255 255 255 255 255 255 255 255 255 255 255
 12  255 255 255 255 255 255 255 255 255 255 255 255 255 255 255 255 255 255 255 255 255 255 255 255 255 255 255 255 255 255 255 255 255 255
 13  255 255 255 255 255 255 255 255 255 255 255 255 255 255 255 255 255 255 255 255 255 255 255 255 255 255 255 255 255 255 255 255 255 255
 14  255 255 255 255 255 255 255 255 255 255 255 255 255 255 255 255 255 255 255 255 255 255 255 255 255 255 255 255 255 255 255 255 255 255
 15  255 255 255 255 255 255 255 255 255 255 255 255 255 255 255 255 255 255 255 255 255 255 255 255 255 255 255 255 255 255 255 255 255 255
 16  255 255 255 255 255 255 255 255 255 255 255 255 255 255 255 255 255 255 255 255 255 255 255 255 255 255 255 255 255 255 255 255 255 255
 17  255 255 255 255 255 255 255 255 255 255 255 255 255 255 255 255 255 255 255 255 255 255 255 255 255 255 255 255 255 255 255 255 255 255
 18  255 255 255 255 255 255 255 255 255 255 255 255 255 255 255 255 255 255 255 255 255 255 255 255 255 255 255 255 255 255 255 255 255 255
 19  255 255 255 255 255 255 255 255 255 255 255 255 255 255 255 255 255 255 255 255 255 255 255 255 255 255 255 255 255 255 255 255 255 255
 20  255 255 255 255 255 255 255 255 255 255 255 255 255 255 255 255 255 255 255 255 255 255 255 255 255 255 255 255 255 255 255 255 255 255
 21  255 255 255 255 255 255 255 255 255 255 255 255 255 255 255 255 255 255 255 255 255 255 255 255 255 255 255 255 255 255 255 255 255 255
 22  255 255 255 255 255 255 255 255 255 255 255 255 255 255 255 255 255 255 255 255 255 255 255 255 255 255 255 255 255 255 255 255 255 255
 23  255 255 255 255 255 255 255 255 255 255 255 255 255 255 255 255 255 255 255 255 255 255 255 255 255 255 255 255 255 255 255 255 255 255
 24  255 255 255 255 255 255 255 255 255 255 255 255 255 255 255 255 255 255 255 255 255 255 255 255 255 255 255 255 255 255 255 255 255 255
 25  255 255 255 255 255 255 255 255 255 255 255 255 255 255 255 255 255 255 255 255 255 255 255 255 255 255 255 255 255 255 255 255 255 255
 26  255 255 255 255 255 255 255 255 255 255 255 255 255 255 255 255 255 255 255 255 255 255 255 255 255 255 255 255 255 255 255 255 255 255
 27  255 255 255 255 255 255 255 255 255 255 255 255 255 255 255 255 255 255 255 255 255 255 255 255 255 255 255 255 255 255 255 255 255 255
 28  255 255 255 255 255 255 255 255 255 255 255 255 255 255 255 255 255 255 255 255 255 255 255 255 255 255 255 255 255 255 255 255 255 255
 29  255 255 255 255 255 255 255 255 255 255 255 255 255 255 255 255 255 255 255 255 255 255 255 255 255 255 255 255 255 255 255 255 255 255
 30  255 255 255 255 255 255 255 255 255 255 255 255 255 255 255 255 255 255 255 255 255 255 255 255 255 255 255 255 255 255 255 255 255 255
 31  255 255 255 255 255 255 255 255 255 255 255 255 255 255 255 255 255 255 255 255 255 255 255 255 255 255 255 255 255 255 255 255 255 255
 32  255 255 255 255 255 255 255 255 255 255 255 255 255 255 255 255 255 255 255 255 255 255 255 255 255 255 255 255 255 255 255 255 255 255
 33  255 255 255 255 255 255 255 255 255 255 255 255 255 255 255 255 255 255 255 255 255 255 255 255 255 255 255 255 255 255 255 255 255 255

Kantenlauf (erste Spalte je Zeile mit Wert >= 128)
  Zeile   0  Spalte    6  Sprung   0
  Zeile   1  Spalte    3  Sprung   3   <== Stufe
  Zeile   2  Spalte    2  Sprung   1
  Zeile   3  Spalte    1  Sprung   1
  Zeile   4  Spalte    1  Sprung   0
  Zeile   5  Spalte    1  Sprung   0
  Zeile   6  Spalte    0  Sprung   1
  Zeile   7  Spalte    0  Sprung   0
  Zeile   8  Spalte    0  Sprung   0
  Zeile   9  Spalte    0  Sprung   0
  Zeile  10  Spalte    0  Sprung   0
  Zeile  11  Spalte    0  Sprung   0
  Zeile  12  Spalte    0  Sprung   0
  Zeile  13  Spalte    0  Sprung   0
  Zeile  14  Spalte    0  Sprung   0
  Zeile  15  Spalte    0  Sprung   0
  Zeile  16  Spalte    0  Sprung   0
  Zeile  17  Spalte    0  Sprung   0
  Zeile  18  Spalte    0  Sprung   0
  Zeile  19  Spalte    0  Sprung   0
  Zeile  20  Spalte    0  Sprung   0
  Zeile  21  Spalte    0  Sprung   0
  Zeile  22  Spalte    0  Sprung   0
  Zeile  23  Spalte    0  Sprung   0
  Zeile  24  Spalte    0  Sprung   0
  Zeile  25  Spalte    0  Sprung   0
  Zeile  26  Spalte    0  Sprung   0
  Zeile  27  Spalte    0  Sprung   0
  Zeile  28  Spalte    0  Sprung   0
  Zeile  29  Spalte    0  Sprung   0
  Zeile  30  Spalte    0  Sprung   0
  Zeile  31  Spalte    0  Sprung   0
  Zeile  32  Spalte    0  Sprung   0
  Zeile  33  Spalte    0  Sprung   0

grab() Größe     : 1200x348 Gerätepixel, DPR 2
Fenstergröße     : 600x174 logisch

Rotkanal des Fensters auf weißem Grund, linke obere Ecke  (1200x348 Gerätepixel)
       0   1   2   3   4   5   6   7   8   9  10  11  12  13  14  15  16  17  18  19  20  21  22  23  24  25  26  27  28  29  30  31  32  33
  0  255 255 255 255 255 255 198 198 198 198 198 198 198 198 198 198 198 198 198 198 198 198 198 198 198 198 198 198 198 198 198 198 198 198
  1  255 255 255 255 255 255 255 239 239 239 239 239 239 239 239 239 239 239 239 239 239 239 239 239 239 239 239 239 239 239 239 239 239 239
  2  255 255 255 254 246 242 240 239 239 239 239 239 239 239 239 239 239 239 239 239 239 239 239 239 239 239 239 239 239 239 239 239 239 239
  3  255 255 254 241 239 239 239 239 239 239 239 239 239 239 239 239 239 239 239 239 239 239 239 239 239 239 239 239 239 239 239 239 239 239
  4  255 255 247 239 239 239 239 239 239 239 239 239 239 239 239 239 239 239 239 239 239 239 239 239 239 239 239 239 239 239 239 239 239 239
  5  255 255 242 239 239 239 239 239 239 239 239 239 239 239 239 239 239 239 239 239 239 239 239 239 239 239 239 239 239 239 239 239 239 239
  6  198 255 240 239 239 239 239 239 239 239 239 239 239 239 239 239 239 239 239 239 239 239 239 239 239 239 239 239 239 239 239 239 239 239
  7  198 239 239 239 239 239 239 239 239 239 239 239 239 239 239 239 239 239 239 239 239 239 239 239 239 239 239 239 239 239 239 239 239 239
  8  198 239 239 239 239 239 239 239 239 239 239 239 239 239 239 239 239 239 239 239 239 239 239 239 239 239 239 239 239 239 239 239 239 239
  9  198 239 239 239 239 239 239 239 239 239 239 239 239 239 239 239 239 239 239 239 239 239 239 239 239 239 239 239 239 239 239 239 239 239
 10  198 239 239 239 239 239 239 239 239 239 239 239 239 239 239 239 239 239 239 239 239 239 239 239 239 239 239 239 239 239 239 239 239 239
 11  198 239 239 239 239 239 239 239 239 239 239 239 239 239 239 239 239 239 239 239 239 239 239 239 239 239 239 239 239 239 239 239 239 239
 12  198 239 239 239 239 239 239 239 239 239 239 239 239 239 239 239 239 239 239 239 239 239 239 239 239 239 239 239 239 239 239 239 239 239
 13  198 239 239 239 239 239 239 239 239 239 239 239 239 239 239 239 239 239 239 239 239 239 239 239 239 239 239 239 239 239 239 239 239 239
 14  198 239 239 239 239 239 239 239 239 239 239 239 239 239 239 239 239 239 239 239 239 239 239 239 239 239 239 239 239 239 239 239 239 239
 15  198 239 239 239 239 239 239 239 239 239 239 239 239 239 239 239 239 239 239 239 239 239 239 239 239 239 239 239 239 239 239 239 239 239
 16  198 239 239 239 239 239 239 239 239 239 239 239 239 239 239 239 239 239 239 239 239 239 239 239 239 239 239 239 239 239 239 239 239 239
 17  198 239 239 239 239 239 239 239 239 239 239 239 239 239 239 239 239 239 239 239 239 239 239 239 239 239 239 239 239 239 239 239 239 239
 18  198 239 239 239 239 239 239 239 239 239 239 239 239 239 239 239 239 159 148 147 167 232 239 239 239 239 239 239 239 239 239 239 239 239
 19  198 239 239 239 239 239 239 239 239 239 239 239 239 239 239 239 239 127 223 239 213 121 143 239 239 239 239 239 239 239 239 239 239 239
 20  198 239 239 239 239 239 239 239 239 239 239 239 239 239 239 239 239 127 223 239 239 239 113 230 239 239 161 115 168 239 239 152 237 135
 21  198 239 239 239 239 239 239 239 239 239 239 239 239 239 239 239 239 127 223 239 239 239 174 167 239 128 204 239 172 155 239 127 123 239
 22  198 239 239 239 239 239 239 239 239 239 239 239 239 239 239 239 239 127 223 239 239 239 188 152 239 112 231 231 231 112 239 127 213 239
 23  198 239 239 239 239 239 239 239 239 239 239 239 239 239 239 239 239 127 223 239 239 239 148 186 239 112 180 180 180 180 239 127 231 239
 24  198 239 239 239 239 239 239 239 239 239 239 239 239 239 239 239 239 127 223 239 239 235 112 239 239 112 239 239 239 239 239 127 231 239
 25  198 239 239 239 239 239 239 239 239 239 239 239 239 239 239 239 239 127 147 149 119 112 226 239 239 195 113 179 163 144 239 127 231 239
 26  198 239 239 239 239 239 239 239 239 239 239 239 239 239 239 239 239 239 239 239 239 239 239 239 239 239 239 217 227 239 239 239 239 239
 27  198 239 239 239 239 239 239 239 239 239 239 239 239 239 239 239 239 239 239 239 239 239 239 239 239 239 239 239 239 239 239 239 239 239
 28  198 239 239 239 239 239 239 239 239 239 239 239 239 239 239 239 239 239 239 239 239 239 239 239 239 239 239 239 239 239 239 239 239 239
 29  198 239 239 239 239 239 239 239 239 239 239 239 239 239 239 239 239 239 239 239 239 239 239 239 239 239 239 239 239 239 239 239 239 239
 30  198 239 239 239 239 239 239 239 239 239 239 239 239 239 239 239 239 239 239 239 239 239 239 239 239 239 239 239 239 239 239 239 239 239
 31  198 239 239 239 239 239 239 239 239 239 239 239 239 239 239 239 239 239 239 239 239 239 239 239 239 239 239 239 239 239 239 239 239 239
 32  198 239 239 239 239 239 239 239 239 239 239 239 239 239 239 239 239 239 239 239 239 239 239 239 239 239 239 239 239 239 239 239 239 239
 33  198 239 239 239 239 239 239 239 239 239 239 239 239 239 239 239 239 239 239 239 239 239 239 239 239 239 239 239 239 239 239 239 239 239

Kantenlauf (erste Spalte je Zeile mit Wert <= 250)
  Zeile   0  Spalte    6  Sprung   0
  Zeile   1  Spalte    7  Sprung  -1
  Zeile   2  Spalte    4  Sprung   3   <== Stufe
  Zeile   3  Spalte    3  Sprung   1
  Zeile   4  Spalte    2  Sprung   1
  Zeile   5  Spalte    2  Sprung   0
  Zeile   6  Spalte    0  Sprung   2   <== Stufe
  Zeile   7  Spalte    0  Sprung   0
  Zeile   8  Spalte    0  Sprung   0
  Zeile   9  Spalte    0  Sprung   0
  Zeile  10  Spalte    0  Sprung   0
  Zeile  11  Spalte    0  Sprung   0
  Zeile  12  Spalte    0  Sprung   0
  Zeile  13  Spalte    0  Sprung   0
  Zeile  14  Spalte    0  Sprung   0
  Zeile  15  Spalte    0  Sprung   0
  Zeile  16  Spalte    0  Sprung   0
  Zeile  17  Spalte    0  Sprung   0
  Zeile  18  Spalte    0  Sprung   0
  Zeile  19  Spalte    0  Sprung   0
  Zeile  20  Spalte    0  Sprung   0
  Zeile  21  Spalte    0  Sprung   0
  Zeile  22  Spalte    0  Sprung   0
  Zeile  23  Spalte    0  Sprung   0
  Zeile  24  Spalte    0  Sprung   0
  Zeile  25  Spalte    0  Sprung   0
  Zeile  26  Spalte    0  Sprung   0
  Zeile  27  Spalte    0  Sprung   0
  Zeile  28  Spalte    0  Sprung   0
  Zeile  29  Spalte    0  Sprung   0
  Zeile  30  Spalte    0  Sprung   0
  Zeile  31  Spalte    0  Sprung   0
  Zeile  32  Spalte    0  Sprung   0
  Zeile  33  Spalte    0  Sprung   0
