=== Hüllenring ===
Plattform        : wayland
Theme            : default
Fläche           : 239,240,241
Konturfarbe      : 198,200,201   (Fläche 20 % Richtung Textfarbe)

a) Die beiden Masken
   außen : 600x174  Alphakanal ja
   innen : 598x172  Alphakanal ja

Alpha der äußeren Maske
         0    1    2    3    4    5    6    7    8    9   10   11   12   13
  0      0    0    0    0    0    0  255  255  255  255  255  255  255  255
  1      0    0   13  136  205  239  255  255  255  255  255  255  255  255
  2      0   12  223  255  255  255  255  255  255  255  255  255  255  255
  3      0  133  255  255  255  255  255  255  255  255  255  255  255  255
  4      0  203  255  255  255  255  255  255  255  255  255  255  255  255
  5      0  238  255  255  255  255  255  255  255  255  255  255  255  255
  6    255  255  255  255  255  255  255  255  255  255  255  255  255  255
  7    255  255  255  255  255  255  255  255  255  255  255  255  255  255
  8    255  255  255  255  255  255  255  255  255  255  255  255  255  255
  9    255  255  255  255  255  255  255  255  255  255  255  255  255  255
 10    255  255  255  255  255  255  255  255  255  255  255  255  255  255
 11    255  255  255  255  255  255  255  255  255  255  255  255  255  255
 12    255  255  255  255  255  255  255  255  255  255  255  255  255  255
 13    255  255  255  255  255  255  255  255  255  255  255  255  255  255

Alpha der inneren Maske
         0    1    2    3    4    5    6    7    8    9   10   11   12   13
  0      0    0    0    0    0    0  255  255  255  255  255  255  255  255
  1      0    0   13  136  205  239  255  255  255  255  255  255  255  255
  2      0   12  223  255  255  255  255  255  255  255  255  255  255  255
  3      0  133  255  255  255  255  255  255  255  255  255  255  255  255
  4      0  203  255  255  255  255  255  255  255  255  255  255  255  255
  5      0  238  255  255  255  255  255  255  255  255  255  255  255  255
  6    255  255  255  255  255  255  255  255  255  255  255  255  255  255
  7    255  255  255  255  255  255  255  255  255  255  255  255  255  255
  8    255  255  255  255  255  255  255  255  255  255  255  255  255  255
  9    255  255  255  255  255  255  255  255  255  255  255  255  255  255
 10    255  255  255  255  255  255  255  255  255  255  255  255  255  255
 11    255  255  255  255  255  255  255  255  255  255  255  255  255  255
 12    255  255  255  255  255  255  255  255  255  255  255  255  255  255
 13    255  255  255  255  255  255  255  255  255  255  255  255  255  255

b) Die beiden eingefärbten Pixmaps
   außen : Alphakanal ja  Format 6
   innen : Alphakanal ja  Format 6

Äußere Pixmap, r,g,b/Alpha
                      0                 1                 2                 3                 4                 5                 6                 7                 8                 9                10                11                12                13
  0             0,0,0/0           0,0,0/0           0,0,0/0           0,0,0/0           0,0,0/0           0,0,0/0   198,200,201/255   198,200,201/255   198,200,201/255   198,200,201/255   198,200,201/255   198,200,201/255   198,200,201/255   198,200,201/255
  1             0,0,0/0           0,0,0/0    196,196,196/13   199,201,201/136   198,200,202/205   198,200,201/239   198,200,201/255   198,200,201/255   198,200,201/255   198,200,201/255   198,200,201/255   198,200,201/255   198,200,201/255   198,200,201/255
  2             0,0,0/0    191,191,191/12   198,200,201/223   198,200,201/255   198,200,201/255   198,200,201/255   198,200,201/255   198,200,201/255   198,200,201/255   198,200,201/255   198,200,201/255   198,200,201/255   198,200,201/255   198,200,201/255
  3             0,0,0/0   197,199,201/133   198,200,201/255   198,200,201/255   198,200,201/255   198,200,201/255   198,200,201/255   198,200,201/255   198,200,201/255   198,200,201/255   198,200,201/255   198,200,201/255   198,200,201/255   198,200,201/255
  4             0,0,0/0   198,200,201/203   198,200,201/255   198,200,201/255   198,200,201/255   198,200,201/255   198,200,201/255   198,200,201/255   198,200,201/255   198,200,201/255   198,200,201/255   198,200,201/255   198,200,201/255   198,200,201/255
  5             0,0,0/0   198,200,201/238   198,200,201/255   198,200,201/255   198,200,201/255   198,200,201/255   198,200,201/255   198,200,201/255   198,200,201/255   198,200,201/255   198,200,201/255   198,200,201/255   198,200,201/255   198,200,201/255
  6     198,200,201/255   198,200,201/255   198,200,201/255   198,200,201/255   198,200,201/255   198,200,201/255   198,200,201/255   198,200,201/255   198,200,201/255   198,200,201/255   198,200,201/255   198,200,201/255   198,200,201/255   198,200,201/255
  7     198,200,201/255   198,200,201/255   198,200,201/255   198,200,201/255   198,200,201/255   198,200,201/255   198,200,201/255   198,200,201/255   198,200,201/255   198,200,201/255   198,200,201/255   198,200,201/255   198,200,201/255   198,200,201/255
  8     198,200,201/255   198,200,201/255   198,200,201/255   198,200,201/255   198,200,201/255   198,200,201/255   198,200,201/255   198,200,201/255   198,200,201/255   198,200,201/255   198,200,201/255   198,200,201/255   198,200,201/255   198,200,201/255
  9     198,200,201/255   198,200,201/255   198,200,201/255   198,200,201/255   198,200,201/255   198,200,201/255   198,200,201/255   198,200,201/255   198,200,201/255   198,200,201/255   198,200,201/255   198,200,201/255   198,200,201/255   198,200,201/255
 10     198,200,201/255   198,200,201/255   198,200,201/255   198,200,201/255   198,200,201/255   198,200,201/255   198,200,201/255   198,200,201/255   198,200,201/255   198,200,201/255   198,200,201/255   198,200,201/255   198,200,201/255   198,200,201/255
 11     198,200,201/255   198,200,201/255   198,200,201/255   198,200,201/255   198,200,201/255   198,200,201/255   198,200,201/255   198,200,201/255   198,200,201/255   198,200,201/255   198,200,201/255   198,200,201/255   198,200,201/255   198,200,201/255
 12     198,200,201/255   198,200,201/255   198,200,201/255   198,200,201/255   198,200,201/255   198,200,201/255   198,200,201/255   198,200,201/255   198,200,201/255   198,200,201/255   198,200,201/255   198,200,201/255   198,200,201/255   198,200,201/255
 13     198,200,201/255   198,200,201/255   198,200,201/255   198,200,201/255   198,200,201/255   198,200,201/255   198,200,201/255   198,200,201/255   198,200,201/255   198,200,201/255   198,200,201/255   198,200,201/255   198,200,201/255   198,200,201/255

Innere Pixmap, r,g,b/Alpha
                      0                 1                 2                 3                 4                 5                 6                 7                 8                 9                10                11                12                13
  0             0,0,0/0           0,0,0/0           0,0,0/0           0,0,0/0           0,0,0/0           0,0,0/0   239,240,241/255   239,240,241/255   239,240,241/255   239,240,241/255   239,240,241/255   239,240,241/255   239,240,241/255   239,240,241/255
  1             0,0,0/0           0,0,0/0    235,235,235/13   238,240,242/136   239,240,241/205   239,240,241/239   239,240,241/255   239,240,241/255   239,240,241/255   239,240,241/255   239,240,241/255   239,240,241/255   239,240,241/255   239,240,241/255
  2             0,0,0/0    234,234,234/12   239,240,241/223   239,240,241/255   239,240,241/255   239,240,241/255   239,240,241/255   239,240,241/255   239,240,241/255   239,240,241/255   239,240,241/255   239,240,241/255   239,240,241/255   239,240,241/255
  3             0,0,0/0   240,240,242/133   239,240,241/255   239,240,241/255   239,240,241/255   239,240,241/255   239,240,241/255   239,240,241/255   239,240,241/255   239,240,241/255   239,240,241/255   239,240,241/255   239,240,241/255   239,240,241/255
  4             0,0,0/0   239,240,241/203   239,240,241/255   239,240,241/255   239,240,241/255   239,240,241/255   239,240,241/255   239,240,241/255   239,240,241/255   239,240,241/255   239,240,241/255   239,240,241/255   239,240,241/255   239,240,241/255
  5             0,0,0/0   239,240,241/238   239,240,241/255   239,240,241/255   239,240,241/255   239,240,241/255   239,240,241/255   239,240,241/255   239,240,241/255   239,240,241/255   239,240,241/255   239,240,241/255   239,240,241/255   239,240,241/255
  6     239,240,241/255   239,240,241/255   239,240,241/255   239,240,241/255   239,240,241/255   239,240,241/255   239,240,241/255   239,240,241/255   239,240,241/255   239,240,241/255   239,240,241/255   239,240,241/255   239,240,241/255   239,240,241/255
  7     239,240,241/255   239,240,241/255   239,240,241/255   239,240,241/255   239,240,241/255   239,240,241/255   239,240,241/255   239,240,241/255   239,240,241/255   239,240,241/255   239,240,241/255   239,240,241/255   239,240,241/255   239,240,241/255
  8     239,240,241/255   239,240,241/255   239,240,241/255   239,240,241/255   239,240,241/255   239,240,241/255   239,240,241/255   239,240,241/255   239,240,241/255   239,240,241/255   239,240,241/255   239,240,241/255   239,240,241/255   239,240,241/255
  9     239,240,241/255   239,240,241/255   239,240,241/255   239,240,241/255   239,240,241/255   239,240,241/255   239,240,241/255   239,240,241/255   239,240,241/255   239,240,241/255   239,240,241/255   239,240,241/255   239,240,241/255   239,240,241/255
 10     239,240,241/255   239,240,241/255   239,240,241/255   239,240,241/255   239,240,241/255   239,240,241/255   239,240,241/255   239,240,241/255   239,240,241/255   239,240,241/255   239,240,241/255   239,240,241/255   239,240,241/255   239,240,241/255
 11     239,240,241/255   239,240,241/255   239,240,241/255   239,240,241/255   239,240,241/255   239,240,241/255   239,240,241/255   239,240,241/255   239,240,241/255   239,240,241/255   239,240,241/255   239,240,241/255   239,240,241/255   239,240,241/255
 12     239,240,241/255   239,240,241/255   239,240,241/255   239,240,241/255   239,240,241/255   239,240,241/255   239,240,241/255   239,240,241/255   239,240,241/255   239,240,241/255   239,240,241/255   239,240,241/255   239,240,241/255   239,240,241/255
 13     239,240,241/255   239,240,241/255   239,240,241/255   239,240,241/255   239,240,241/255   239,240,241/255   239,240,241/255   239,240,241/255   239,240,241/255   239,240,241/255   239,240,241/255   239,240,241/255   239,240,241/255   239,240,241/255

c) Der Ring, r,g,b/Alpha (Alpha < 255 = durchsichtig)
                      0                 1                 2                 3                 4                 5                 6                 7                 8                 9                10                11                12                13
  0             0,0,0/0           0,0,0/0           0,0,0/0           0,0,0/0           0,0,0/0           0,0,0/0   198,200,201/255   198,200,201/255   198,200,201/255   198,200,201/255   198,200,201/255   198,200,201/255   198,200,201/255   198,200,201/255
  1             0,0,0/0           0,0,0/0    196,196,196/13   199,201,201/136   198,200,202/205   198,200,201/239   198,200,201/255   239,240,241/255   239,240,241/255   239,240,241/255   239,240,241/255   239,240,241/255   239,240,241/255   239,240,241/255
  2             0,0,0/0    191,191,191/12   198,200,201/223   200,202,203/255   219,221,223/255   231,232,233/255   236,238,239/255   239,240,241/255   239,240,241/255   239,240,241/255   239,240,241/255   239,240,241/255   239,240,241/255   239,240,241/255
  3             0,0,0/0   197,199,201/133   200,202,203/255   234,235,236/255   239,240,241/255   239,240,241/255   239,240,241/255   239,240,241/255   239,240,241/255   239,240,241/255   239,240,241/255   239,240,241/255   239,240,241/255   239,240,241/255
  4             0,0,0/0   198,200,201/203   220,221,222/255   239,240,241/255   239,240,241/255   239,240,241/255   239,240,241/255   239,240,241/255   239,240,241/255   239,240,241/255   239,240,241/255   239,240,241/255   239,240,241/255   239,240,241/255
  5             0,0,0/0   198,200,201/238   230,232,233/255   239,240,241/255   239,240,241/255   239,240,241/255   239,240,241/255   239,240,241/255   239,240,241/255   239,240,241/255   239,240,241/255   239,240,241/255   239,240,241/255   239,240,241/255
  6     198,200,201/255   198,200,201/255   236,237,238/255   239,240,241/255   239,240,241/255   239,240,241/255   239,240,241/255   239,240,241/255   239,240,241/255   239,240,241/255   239,240,241/255   239,240,241/255   239,240,241/255   239,240,241/255
  7     198,200,201/255   239,240,241/255   239,240,241/255   239,240,241/255   239,240,241/255   239,240,241/255   239,240,241/255   239,240,241/255   239,240,241/255   239,240,241/255   239,240,241/255   239,240,241/255   239,240,241/255   239,240,241/255
  8     198,200,201/255   239,240,241/255   239,240,241/255   239,240,241/255   239,240,241/255   239,240,241/255   239,240,241/255   239,240,241/255   239,240,241/255   239,240,241/255   239,240,241/255   239,240,241/255   239,240,241/255   239,240,241/255
  9     198,200,201/255   239,240,241/255   239,240,241/255   239,240,241/255   239,240,241/255   239,240,241/255   239,240,241/255   239,240,241/255   239,240,241/255   239,240,241/255   239,240,241/255   239,240,241/255   239,240,241/255   239,240,241/255
 10     198,200,201/255   239,240,241/255   239,240,241/255   239,240,241/255   239,240,241/255   239,240,241/255   239,240,241/255   239,240,241/255   239,240,241/255   239,240,241/255   239,240,241/255   239,240,241/255   239,240,241/255   239,240,241/255
 11     198,200,201/255   239,240,241/255   239,240,241/255   239,240,241/255   239,240,241/255   239,240,241/255   239,240,241/255   239,240,241/255   239,240,241/255   239,240,241/255   239,240,241/255   239,240,241/255   239,240,241/255   239,240,241/255
 12     198,200,201/255   239,240,241/255   239,240,241/255   239,240,241/255   239,240,241/255   239,240,241/255   239,240,241/255   239,240,241/255   239,240,241/255   239,240,241/255   239,240,241/255   239,240,241/255   239,240,241/255   239,240,241/255
 13     198,200,201/255   239,240,241/255   239,240,241/255   239,240,241/255   239,240,241/255   239,240,241/255   239,240,241/255   239,240,241/255   239,240,241/255   239,240,241/255   239,240,241/255   239,240,241/255   239,240,241/255   239,240,241/255

Der Ring auf weißem Grund
                      0                 1                 2                 3                 4                 5                 6                 7                 8                 9                10                11                12                13
  0     255,255,255/255   255,255,255/255   255,255,255/255   255,255,255/255   255,255,255/255   255,255,255/255   198,200,201/255   198,200,201/255   198,200,201/255   198,200,201/255   198,200,201/255   198,200,201/255   198,200,201/255   198,200,201/255
  1     255,255,255/255   255,255,255/255   252,252,252/255   225,226,226/255   209,211,212/255   202,203,204/255   198,200,201/255   239,240,241/255   239,240,241/255   239,240,241/255   239,240,241/255   239,240,241/255   239,240,241/255   239,240,241/255
  2     255,255,255/255   252,252,252/255   205,207,208/255   200,202,203/255   219,221,223/255   231,232,233/255   236,238,239/255   239,240,241/255   239,240,241/255   239,240,241/255   239,240,241/255   239,240,241/255   239,240,241/255   239,240,241/255
  3     255,255,255/255   225,226,227/255   200,202,203/255   234,235,236/255   239,240,241/255   239,240,241/255   239,240,241/255   239,240,241/255   239,240,241/255   239,240,241/255   239,240,241/255   239,240,241/255   239,240,241/255   239,240,241/255
  4     255,255,255/255   210,211,212/255   220,221,222/255   239,240,241/255   239,240,241/255   239,240,241/255   239,240,241/255   239,240,241/255   239,240,241/255   239,240,241/255   239,240,241/255   239,240,241/255   239,240,241/255   239,240,241/255
  5     255,255,255/255   202,204,205/255   230,232,233/255   239,240,241/255   239,240,241/255   239,240,241/255   239,240,241/255   239,240,241/255   239,240,241/255   239,240,241/255   239,240,241/255   239,240,241/255   239,240,241/255   239,240,241/255
  6     198,200,201/255   198,200,201/255   236,237,238/255   239,240,241/255   239,240,241/255   239,240,241/255   239,240,241/255   239,240,241/255   239,240,241/255   239,240,241/255   239,240,241/255   239,240,241/255   239,240,241/255   239,240,241/255
  7     198,200,201/255   239,240,241/255   239,240,241/255   239,240,241/255   239,240,241/255   239,240,241/255   239,240,241/255   239,240,241/255   239,240,241/255   239,240,241/255   239,240,241/255   239,240,241/255   239,240,241/255   239,240,241/255
  8     198,200,201/255   239,240,241/255   239,240,241/255   239,240,241/255   239,240,241/255   239,240,241/255   239,240,241/255   239,240,241/255   239,240,241/255   239,240,241/255   239,240,241/255   239,240,241/255   239,240,241/255   239,240,241/255
  9     198,200,201/255   239,240,241/255   239,240,241/255   239,240,241/255   239,240,241/255   239,240,241/255   239,240,241/255   239,240,241/255   239,240,241/255   239,240,241/255   239,240,241/255   239,240,241/255   239,240,241/255   239,240,241/255
 10     198,200,201/255   239,240,241/255   239,240,241/255   239,240,241/255   239,240,241/255   239,240,241/255   239,240,241/255   239,240,241/255   239,240,241/255   239,240,241/255   239,240,241/255   239,240,241/255   239,240,241/255   239,240,241/255
 11     198,200,201/255   239,240,241/255   239,240,241/255   239,240,241/255   239,240,241/255   239,240,241/255   239,240,241/255   239,240,241/255   239,240,241/255   239,240,241/255   239,240,241/255   239,240,241/255   239,240,241/255   239,240,241/255
 12     198,200,201/255   239,240,241/255   239,240,241/255   239,240,241/255   239,240,241/255   239,240,241/255   239,240,241/255   239,240,241/255   239,240,241/255   239,240,241/255   239,240,241/255   239,240,241/255   239,240,241/255   239,240,241/255
 13     198,200,201/255   239,240,241/255   239,240,241/255   239,240,241/255   239,240,241/255   239,240,241/255   239,240,241/255   239,240,241/255   239,240,241/255   239,240,241/255   239,240,241/255   239,240,241/255   239,240,241/255   239,240,241/255

Zum Vergleich: Fläche 239, Kontur 198, Grund 255. Ein Pixel mit 239 ist Fläche, eines mit 198 Kontur, eines mit 255 ein Loch.

d) Gegenprobe mit echtem Alphakanal
   außen : Alphakanal ja  Format 6
   innen : Alphakanal ja  Format 6

d) Derselbe Ring mit Alphakanal, r,g,b/Alpha
                      0                 1                 2                 3                 4                 5                 6                 7                 8                 9                10                11                12                13
  0             0,0,0/0           0,0,0/0           0,0,0/0           0,0,0/0           0,0,0/0           0,0,0/0   198,200,201/255   198,200,201/255   198,200,201/255   198,200,201/255   198,200,201/255   198,200,201/255   198,200,201/255   198,200,201/255
  1             0,0,0/0           0,0,0/0    196,196,196/13   199,201,201/136   198,200,202/205   198,200,201/239   198,200,201/255   239,240,241/255   239,240,241/255   239,240,241/255   239,240,241/255   239,240,241/255   239,240,241/255   239,240,241/255
  2             0,0,0/0    191,191,191/12   198,200,201/223   200,202,203/255   219,221,223/255   231,232,233/255   236,238,239/255   239,240,241/255   239,240,241/255   239,240,241/255   239,240,241/255   239,240,241/255   239,240,241/255   239,240,241/255
  3             0,0,0/0   197,199,201/133   200,202,203/255   234,235,236/255   239,240,241/255   239,240,241/255   239,240,241/255   239,240,241/255   239,240,241/255   239,240,241/255   239,240,241/255   239,240,241/255   239,240,241/255   239,240,241/255
  4             0,0,0/0   198,200,201/203   220,221,222/255   239,240,241/255   239,240,241/255   239,240,241/255   239,240,241/255   239,240,241/255   239,240,241/255   239,240,241/255   239,240,241/255   239,240,241/255   239,240,241/255   239,240,241/255
  5             0,0,0/0   198,200,201/238   230,232,233/255   239,240,241/255   239,240,241/255   239,240,241/255   239,240,241/255   239,240,241/255   239,240,241/255   239,240,241/255   239,240,241/255   239,240,241/255   239,240,241/255   239,240,241/255
  6     198,200,201/255   198,200,201/255   236,237,238/255   239,240,241/255   239,240,241/255   239,240,241/255   239,240,241/255   239,240,241/255   239,240,241/255   239,240,241/255   239,240,241/255   239,240,241/255   239,240,241/255   239,240,241/255
  7     198,200,201/255   239,240,241/255   239,240,241/255   239,240,241/255   239,240,241/255   239,240,241/255   239,240,241/255   239,240,241/255   239,240,241/255   239,240,241/255   239,240,241/255   239,240,241/255   239,240,241/255   239,240,241/255
  8     198,200,201/255   239,240,241/255   239,240,241/255   239,240,241/255   239,240,241/255   239,240,241/255   239,240,241/255   239,240,241/255   239,240,241/255   239,240,241/255   239,240,241/255   239,240,241/255   239,240,241/255   239,240,241/255
  9     198,200,201/255   239,240,241/255   239,240,241/255   239,240,241/255   239,240,241/255   239,240,241/255   239,240,241/255   239,240,241/255   239,240,241/255   239,240,241/255   239,240,241/255   239,240,241/255   239,240,241/255   239,240,241/255
 10     198,200,201/255   239,240,241/255   239,240,241/255   239,240,241/255   239,240,241/255   239,240,241/255   239,240,241/255   239,240,241/255   239,240,241/255   239,240,241/255   239,240,241/255   239,240,241/255   239,240,241/255   239,240,241/255
 11     198,200,201/255   239,240,241/255   239,240,241/255   239,240,241/255   239,240,241/255   239,240,241/255   239,240,241/255   239,240,241/255   239,240,241/255   239,240,241/255   239,240,241/255   239,240,241/255   239,240,241/255   239,240,241/255
 12     198,200,201/255   239,240,241/255   239,240,241/255   239,240,241/255   239,240,241/255   239,240,241/255   239,240,241/255   239,240,241/255   239,240,241/255   239,240,241/255   239,240,241/255   239,240,241/255   239,240,241/255   239,240,241/255
 13     198,200,201/255   239,240,241/255   239,240,241/255   239,240,241/255   239,240,241/255   239,240,241/255   239,240,241/255   239,240,241/255   239,240,241/255   239,240,241/255   239,240,241/255   239,240,241/255   239,240,241/255   239,240,241/255

d) Derselbe Ring mit Alphakanal, auf weißem Grund
                      0                 1                 2                 3                 4                 5                 6                 7                 8                 9                10                11                12                13
  0     255,255,255/255   255,255,255/255   255,255,255/255   255,255,255/255   255,255,255/255   255,255,255/255   198,200,201/255   198,200,201/255   198,200,201/255   198,200,201/255   198,200,201/255   198,200,201/255   198,200,201/255   198,200,201/255
  1     255,255,255/255   255,255,255/255   252,252,252/255   225,226,226/255   209,211,212/255   202,203,204/255   198,200,201/255   239,240,241/255   239,240,241/255   239,240,241/255   239,240,241/255   239,240,241/255   239,240,241/255   239,240,241/255
  2     255,255,255/255   252,252,252/255   205,207,208/255   200,202,203/255   219,221,223/255   231,232,233/255   236,238,239/255   239,240,241/255   239,240,241/255   239,240,241/255   239,240,241/255   239,240,241/255   239,240,241/255   239,240,241/255
  3     255,255,255/255   225,226,227/255   200,202,203/255   234,235,236/255   239,240,241/255   239,240,241/255   239,240,241/255   239,240,241/255   239,240,241/255   239,240,241/255   239,240,241/255   239,240,241/255   239,240,241/255   239,240,241/255
  4     255,255,255/255   210,211,212/255   220,221,222/255   239,240,241/255   239,240,241/255   239,240,241/255   239,240,241/255   239,240,241/255   239,240,241/255   239,240,241/255   239,240,241/255   239,240,241/255   239,240,241/255   239,240,241/255
  5     255,255,255/255   202,204,205/255   230,232,233/255   239,240,241/255   239,240,241/255   239,240,241/255   239,240,241/255   239,240,241/255   239,240,241/255   239,240,241/255   239,240,241/255   239,240,241/255   239,240,241/255   239,240,241/255
  6     198,200,201/255   198,200,201/255   236,237,238/255   239,240,241/255   239,240,241/255   239,240,241/255   239,240,241/255   239,240,241/255   239,240,241/255   239,240,241/255   239,240,241/255   239,240,241/255   239,240,241/255   239,240,241/255
  7     198,200,201/255   239,240,241/255   239,240,241/255   239,240,241/255   239,240,241/255   239,240,241/255   239,240,241/255   239,240,241/255   239,240,241/255   239,240,241/255   239,240,241/255   239,240,241/255   239,240,241/255   239,240,241/255
  8     198,200,201/255   239,240,241/255   239,240,241/255   239,240,241/255   239,240,241/255   239,240,241/255   239,240,241/255   239,240,241/255   239,240,241/255   239,240,241/255   239,240,241/255   239,240,241/255   239,240,241/255   239,240,241/255
  9     198,200,201/255   239,240,241/255   239,240,241/255   239,240,241/255   239,240,241/255   239,240,241/255   239,240,241/255   239,240,241/255   239,240,241/255   239,240,241/255   239,240,241/255   239,240,241/255   239,240,241/255   239,240,241/255
 10     198,200,201/255   239,240,241/255   239,240,241/255   239,240,241/255   239,240,241/255   239,240,241/255   239,240,241/255   239,240,241/255   239,240,241/255   239,240,241/255   239,240,241/255   239,240,241/255   239,240,241/255   239,240,241/255
 11     198,200,201/255   239,240,241/255   239,240,241/255   239,240,241/255   239,240,241/255   239,240,241/255   239,240,241/255   239,240,241/255   239,240,241/255   239,240,241/255   239,240,241/255   239,240,241/255   239,240,241/255   239,240,241/255
 12     198,200,201/255   239,240,241/255   239,240,241/255   239,240,241/255   239,240,241/255   239,240,241/255   239,240,241/255   239,240,241/255   239,240,241/255   239,240,241/255   239,240,241/255   239,240,241/255   239,240,241/255   239,240,241/255
 13     198,200,201/255   239,240,241/255   239,240,241/255   239,240,241/255   239,240,241/255   239,240,241/255   239,240,241/255   239,240,241/255   239,240,241/255   239,240,241/255   239,240,241/255   239,240,241/255   239,240,241/255   239,240,241/255

e) Auflösung der Maske bei setDevicePixelRatio(1.6)
   verlangt        : 600x174 logisch
   alphaMask Größe : 960x279 Bildpunkte
   alphaMask DPR   : 1.6
   erwartet bei 1,6: 960x278

Alpha der Maske bei DPR 1,6
         0    1    2    3    4    5    6    7    8    9   10   11   12   13
  0      0    0    0    0    0    0    0    0    0    0  255  255  255  255
  1      0    0    0    0    0    0    0   28   64   77  255  255  255  255
  2      0    0    0    0   16  127  226  255  255  255  255  255  255  255
  3      0    0    0   42  222  255  255  255  255  255  255  255  255  255
  4      0    0   14  220  255  255  255  255  255  255  255  255  255  255
  5      0    0  121  255  255  255  255  255  255  255  255  255  255  255
  6      0    0  218  255  255  255  255  255  255  255  255  255  255  255
  7      0   21  255  255  255  255  255  255  255  255  255  255  255  255
  8      0   57  255  255  255  255  255  255  255  255  255  255  255  255
  9      0   75  255  255  255  255  255  255  255  255  255  255  255  255
 10    255  255  255  255  255  255  255  255  255  255  255  255  255  255
 11    255  255  255  255  255  255  255  255  255  255  255  255  255  255
 12    255  255  255  255  255  255  255  255  255  255  255  255  255  255
 13    255  255  255  255  255  255  255  255  255  255  255  255  255  255
